2 1
3 0
4 1
4 2
5 0
5 3
6 0
6 3
6 5
7 1
7 2
7 4
8 0
8 3
8 5
8 6
9 1
9 4
9 7
10 1
10 2
10 7
11 1
11 2
11 4
11 7
11 10
12 0
12 3
12 5
12 6
12 8
13 10
14 0
14 3
14 5
14 6
14 8
14 12
15 0
15 3
15 5
15 6
15 8
15 12
15 14
16 1
16 2
16 4
16 7
16 9
16 10
16 11
17 4
17 9
18 2
18 7
18 10
18 11
18 13
20 0
20 3
20 5
20 6
20 8
20 12
20 14
20 15
21 2
21 7
21 10
21 11
21 13
21 18
22 0
22 3
22 5
22 6
22 8
22 12
22 20
23 0
23 3
23 5
23 6
23 8
23 12
23 14
23 20
23 22
24 0
24 3
24 5
24 6
24 8
24 12
24 14
24 15
24 20
24 22
24 23
25 10
25 13
25 18
25 21
26 1
26 2
26 4
26 7
26 9
26 10
26 11
26 16
26 18
26 21
27 13
27 18
27 21
27 25
28 0
28 3
28 5
28 6
28 8
28 12
28 14
28 15
28 20
28 22
28 23
28 24
29 0
29 3
29 5
29 6
29 8
29 12
29 14
29 15
29 20
29 22
29 23
29 24
29 28
30 1
30 2
30 4
30 7
30 9
30 10
30 11
30 16
30 26
31 0
31 3
31 5
31 6
31 8
31 12
31 14
31 15
31 20
31 22
31 23
31 24
31 28
31 29
32 13
32 18
32 21
32 25
32 27
33 1
33 4
33 9
33 16
33 17
33 30
34 1
34 2
34 4
34 7
34 9
34 10
34 11
34 16
34 18
34 21
34 26
34 30
35 0
35 3
35 5
35 6
35 8
35 12
35 14
35 15
35 20
35 22
35 23
35 24
35 28
35 29
35 31
36 0
36 3
36 5
36 6
36 8
36 12
36 14
36 15
36 20
36 24
36 28
36 29
36 31
36 35
37 0
37 3
37 5
37 6
37 8
37 12
37 14
37 15
37 20
37 24
37 28
37 29
37 31
37 35
37 36
38 0
38 3
38 5
38 6
38 8
38 12
38 14
38 15
38 20
38 22
38 23
38 24
38 28
38 29
38 31
38 35
38 36
38 37
39 1
39 2
39 4
39 7
39 9
39 10
39 11
39 16
39 26
39 30
39 33
39 34
40 1
40 2
40 4
40 7
40 9
40 10
40 11
40 16
40 21
40 26
40 30
40 34
40 39
41 0
41 3
41 5
41 6
41 8
41 12
41 14
41 15
41 20
41 24
41 28
41 29
41 31
41 35
41 36
41 37
41 38
42 4
42 9
42 17
42 33
43 4
43 9
43 17
43 33
43 42
44 0
44 3
44 5
44 6
44 8
44 12
44 14
44 20
44 22
44 23
44 24
44 28
44 29
44 31
44 35
44 38
45 1
45 2
45 4
45 7
45 9
45 10
45 11
45 16
45 26
45 30
45 33
45 34
45 39
45 40
46 14
46 15
46 17
46 33
46 36
46 37
46 41
46 42
46 43
47 0
47 3
47 5
47 6
47 8
47 12
47 14
47 15
47 20
47 22
47 23
47 24
47 28
47 29
47 31
47 35
47 36
47 37
47 38
47 41
47 44
48 0
48 3
48 5
48 6
48 8
48 12
48 14
48 15
48 20
48 22
48 23
48 24
48 28
48 29
48 31
48 35
48 36
48 37
48 38
48 41
48 44
48 47
49 9
49 15
49 17
49 33
49 36
49 37
49 41
49 42
49 43
49 46
50 1
50 4
50 9
50 16
50 17
50 30
50 33
50 39
50 42
50 43
50 45
50 49
51 0
51 3
51 5
51 6
51 8
51 12
51 14
51 15
51 20
51 22
51 23
51 24
51 28
51 29
51 31
51 35
51 36
51 37
51 38
51 41
51 44
51 47
51 48
52 0
52 3
52 5
52 6
52 8
52 12
52 14
52 15
52 20
52 22
52 23
52 24
52 28
52 29
52 31
52 35
52 36
52 37
52 38
52 41
52 44
52 47
52 48
52 51
53 0
53 3
53 5
53 6
53 8
53 12
53 14
53 20
53 22
53 23
53 24
53 28
53 29
53 31
53 35
53 38
53 44
53 47
53 48
53 51
53 52
54 1
54 4
54 9
54 16
54 17
54 30
54 33
54 39
54 42
54 43
54 45
54 49
54 50
55 0
55 3
55 5
55 6
55 8
55 12
55 14
55 15
55 20
55 22
55 23
55 24
55 28
55 29
55 31
55 35
55 36
55 37
55 38
55 41
55 44
55 47
55 48
55 51
55 52
55 53
56 0
56 3
56 5
56 6
56 8
56 12
56 14
56 15
56 20
56 22
56 23
56 24
56 28
56 29
56 31
56 35
56 36
56 37
56 38
56 41
56 44
56 47
56 48
56 51
56 52
56 53
56 55
57 0
57 3
57 5
57 6
57 8
57 12
57 14
57 15
57 20
57 23
57 24
57 28
57 29
57 31
57 35
57 36
57 37
57 38
57 41
57 44
57 46
57 47
57 48
57 51
57 52
57 53
57 55
57 56
58 0
58 3
58 5
58 6
58 8
58 14
58 15
58 17
58 20
58 24
58 28
58 29
58 31
58 35
58 36
58 37
58 38
58 41
58 42
58 46
58 47
58 49
58 51
58 52
58 55
58 57
59 1
59 4
59 9
59 16
59 17
59 33
59 42
59 43
59 46
59 49
59 50
59 54
61 13
61 18
61 21
61 25
61 27
61 32
62 4
62 9
62 17
62 33
62 42
62 43
62 46
62 49
62 50
62 54
62 58
62 59
63 0
63 3
63 5
63 6
63 8
63 12
63 14
63 15
63 20
63 22
63 23
63 24
63 28
63 29
63 31
63 35
63 36
63 37
63 38
63 41
63 44
63 47
63 48
63 51
63 52
63 53
63 55
63 56
63 57
64 1
64 2
64 4
64 7
64 9
64 10
64 11
64 16
64 18
64 21
64 26
64 30
64 34
64 39
64 40
64 45
65 14
65 15
65 17
65 33
65 36
65 37
65 41
65 42
65 43
65 46
65 49
65 54
65 57
65 58
65 59
65 62
66 4
66 9
66 15
66 17
66 33
66 36
66 42
66 43
66 46
66 49
66 50
66 54
66 58
66 59
66 62
66 65
67 0
67 3
67 5
67 6
67 8
67 12
67 14
67 15
67 20
67 22
67 23
67 24
67 28
67 29
67 31
67 35
67 36
67 37
67 38
67 41
67 44
67 47
67 48
67 51
67 52
67 53
67 55
67 56
67 57
67 58
67 63
68 0
68 3
68 5
68 6
68 8
68 12
68 14
68 20
68 22
68 23
68 24
68 28
68 29
68 31
68 35
68 38
68 44
68 47
68 48
68 51
68 52
68 53
68 55
68 56
68 57
68 63
68 67
69 0
69 3
69 5
69 6
69 8
69 12
69 20
69 22
69 23
69 24
69 28
69 29
69 31
69 35
69 38
69 44
69 47
69 48
69 51
69 52
69 53
69 55
69 56
69 57
69 63
69 67
69 68
70 15
70 17
70 33
70 36
70 37
70 41
70 42
70 43
70 46
70 49
70 50
70 54
70 58
70 59
70 62
70 65
70 66
71 14
71 15
71 17
71 33
71 36
71 37
71 41
71 42
71 43
71 46
71 49
71 50
71 54
71 58
71 59
71 62
71 65
71 66
71 70
72 0
72 3
72 6
72 8
72 14
72 15
72 17
72 24
72 28
72 29
72 35
72 36
72 37
72 38
72 41
72 42
72 46
72 47
72 49
72 51
72 55
72 57
72 58
72 62
72 65
72 66
72 67
72 70
72 71
73 0
73 3
73 5
73 6
73 8
73 12
73 14
73 20
73 22
73 23
73 24
73 28
73 29
73 31
73 35
73 38
73 44
73 47
73 48
73 51
73 52
73 53
73 55
73 56
73 57
73 63
73 67
73 68
73 69
74 0
74 3
74 5
74 6
74 8
74 12
74 14
74 15
74 20
74 23
74 24
74 28
74 29
74 31
74 35
74 36
74 37
74 38
74 41
74 44
74 46
74 47
74 48
74 51
74 52
74 53
74 55
74 56
74 57
74 58
74 63
74 65
74 67
74 68
74 71
74 72
74 73
75 0
75 3
75 5
75 6
75 8
75 12
75 14
75 20
75 22
75 23
75 24
75 28
75 29
75 31
75 35
75 38
75 44
75 47
75 48
75 51
75 52
75 53
75 55
75 56
75 57
75 63
75 67
75 68
75 69
75 73
75 74
76 0
76 3
76 5
76 6
76 8
76 12
76 14
76 20
76 22
76 23
76 24
76 28
76 29
76 31
76 35
76 38
76 44
76 47
76 48
76 51
76 52
76 53
76 55
76 56
76 57
76 63
76 67
76 68
76 69
76 73
76 74
76 75
77 0
77 3
77 5
77 6
77 8
77 12
77 14
77 15
77 20
77 22
77 23
77 24
77 28
77 29
77 31
77 35
77 36
77 37
77 38
77 41
77 44
77 47
77 48
77 51
77 52
77 53
77 55
77 56
77 57
77 58
77 63
77 67
77 68
77 69
77 73
77 74
77 75
77 76
78 0
78 3
78 5
78 6
78 8
78 12
78 20
78 22
78 23
78 24
78 28
78 29
78 31
78 35
78 38
78 44
78 47
78 48
78 51
78 52
78 53
78 55
78 56
78 63
78 67
78 68
78 69
78 73
78 75
78 76
78 77
79 1
79 2
79 7
79 10
79 11
79 16
79 18
79 21
79 25
79 26
79 30
79 34
79 39
79 40
79 45
79 64
80 0
80 3
80 5
80 6
80 8
80 12
80 14
80 15
80 20
80 23
80 24
80 28
80 29
80 31
80 35
80 36
80 37
80 38
80 41
80 44
80 46
80 47
80 48
80 51
80 52
80 53
80 55
80 56
80 57
80 58
80 63
80 65
80 67
80 68
80 69
80 72
80 73
80 74
80 75
80 76
80 77
81 1
81 4
81 9
81 16
81 17
81 30
81 33
81 39
81 42
81 43
81 45
81 49
81 50
81 54
81 59
81 62
81 66
81 70
81 71
82 0
82 3
82 5
82 6
82 8
82 12
82 20
82 22
82 23
82 24
82 28
82 29
82 31
82 35
82 38
82 44
82 47
82 48
82 51
82 52
82 53
82 55
82 56
82 63
82 67
82 68
82 69
82 73
82 75
82 76
82 77
82 78
82 80
83 0
83 3
83 5
83 6
83 8
83 14
83 15
83 17
83 20
83 24
83 28
83 29
83 31
83 35
83 36
83 37
83 38
83 41
83 42
83 46
83 47
83 49
83 51
83 52
83 55
83 57
83 58
83 62
83 65
83 66
83 67
83 70
83 71
83 72
83 74
83 77
83 80
84 0
84 3
84 5
84 6
84 8
84 12
84 14
84 15
84 20
84 22
84 23
84 24
84 28
84 29
84 31
84 35
84 36
84 37
84 38
84 41
84 44
84 47
84 48
84 51
84 52
84 53
84 55
84 56
84 57
84 58
84 63
84 67
84 68
84 69
84 72
84 73
84 74
84 75
84 76
84 77
84 78
84 80
84 82
84 83
85 0
85 3
85 5
85 6
85 8
85 12
85 14
85 15
85 20
85 22
85 23
85 24
85 28
85 29
85 31
85 35
85 36
85 37
85 38
85 41
85 44
85 46
85 47
85 48
85 51
85 52
85 53
85 55
85 56
85 57
85 58
85 63
85 67
85 68
85 69
85 72
85 73
85 74
85 75
85 76
85 77
85 78
85 80
85 82
85 83
85 84
86 1
86 4
86 9
86 16
86 17
86 33
86 42
86 43
86 46
86 49
86 50
86 54
86 59
86 62
86 65
86 66
86 70
86 71
86 81
87 1
87 2
87 4
87 7
87 9
87 10
87 11
87 16
87 18
87 21
87 26
87 30
87 34
87 39
87 40
87 45
87 64
87 79
88 0
88 3
88 5
88 6
88 8
88 12
88 14
88 15
88 20
88 22
88 23
88 24
88 28
88 29
88 31
88 35
88 36
88 37
88 38
88 41
88 44
88 47
88 48
88 51
88 52
88 53
88 55
88 56
88 57
88 58
88 63
88 67
88 68
88 69
88 72
88 73
88 74
88 75
88 76
88 77
88 78
88 80
88 82
88 83
88 84
88 85
89 13
89 18
89 21
89 25
89 27
89 32
89 61
90 0
90 3
90 5
90 6
90 8
90 12
90 14
90 15
90 20
90 22
90 23
90 24
90 28
90 29
90 31
90 35
90 36
90 37
90 38
90 41
90 44
90 47
90 48
90 51
90 52
90 53
90 55
90 56
90 57
90 58
90 63
90 67
90 68
90 69
90 72
90 73
90 74
90 75
90 76
90 77
90 78
90 80
90 82
90 83
90 84
90 85
90 88
91 0
91 3
91 5
91 6
91 8
91 12
91 14
91 20
91 22
91 23
91 24
91 28
91 29
91 31
91 35
91 38
91 44
91 47
91 48
91 51
91 52
91 53
91 55
91 56
91 57
91 63
91 67
91 68
91 69
91 73
91 74
91 75
91 76
91 77
91 78
91 80
91 82
91 84
91 85
91 88
91 90
92 14
92 15
92 17
92 24
92 28
92 29
92 36
92 37
92 38
92 41
92 42
92 43
92 46
92 49
92 57
92 58
92 59
92 62
92 65
92 66
92 67
92 70
92 71
92 72
92 74
92 80
92 83
92 85
92 86
92 88
93 0
93 3
93 6
93 8
93 14
93 15
93 17
93 24
93 28
93 29
93 35
93 36
93 37
93 38
93 41
93 42
93 46
93 47
93 49
93 51
93 55
93 57
93 58
93 62
93 65
93 66
93 67
93 70
93 71
93 72
93 74
93 80
93 83
93 84
93 85
93 88
93 90
93 92
94 2
94 10
94 11
94 13
94 18
94 21
94 25
94 27
94 32
94 61
94 79
94 89
95 0
95 3
95 5
95 6
95 8
95 12
95 14
95 20
95 22
95 23
95 24
95 28
95 29
95 31
95 35
95 38
95 44
95 47
95 48
95 51
95 52
95 53
95 55
95 56
95 57
95 63
95 67
95 68
95 69
95 73
95 74
95 75
95 76
95 77
95 78
95 80
95 82
95 84
95 85
95 88
95 90
95 91
96 0
96 8
96 14
96 15
96 17
96 24
96 28
96 29
96 36
96 37
96 38
96 41
96 42
96 43
96 46
96 49
96 57
96 58
96 62
96 65
96 66
96 67
96 70
96 71
96 72
96 74
96 80
96 83
96 85
96 88
96 90
96 92
96 93
97 13
97 18
97 21
97 25
97 27
97 32
97 61
97 89
97 94
98 0
98 3
98 5
98 6
98 8
98 14
98 15
98 17
98 20
98 24
98 28
98 29
98 31
98 35
98 36
98 37
98 38
98 41
98 42
98 46
98 47
98 49
98 51
98 52
98 55
98 57
98 58
98 62
98 65
98 66
98 67
98 70
98 71
98 72
98 74
98 77
98 80
98 83
98 84
98 85
98 88
98 90
98 92
98 93
98 96
99 0
99 3
99 5
99 6
99 8
99 12
99 14
99 20
99 22
99 23
99 24
99 28
99 29
99 31
99 35
99 38
99 44
99 47
99 48
99 51
99 52
99 53
99 55
99 56
99 57
99 63
99 67
99 68
99 69
99 73
99 74
99 75
99 76
99 77
99 78
99 80
99 82
99 84
99 85
99 88
99 90
99 91
99 95
