98 2
7 1.8924624 2.59191
23 -4.905556 2.9229357
87 1.9595257 2.6282952
73 -4.7315226 2.7783496
64 1.9818876 2.6313047
34 1.9311086 2.570393
95 -4.783398 2.8365176
76 -4.9259744 2.898018
44 -4.765301 2.7804706
26 1.9591495 2.5702386
68 -4.8264017 2.8475482
75 -5.0239735 2.9811254
53 -4.8919973 2.9114637
91 -4.835399 2.8537772
99 -5.002476 2.9088318
89 3.9534025 4.959927
6 -1.5958644 1.2254714
55 -1.6519506 1.2057896
32 3.9865367 5.0178804
3 -1.5676888 1.2454624
35 -1.5260212 1.2449373
40 1.9659543 2.5961492
97 3.8181586 4.822882
20 -1.5439249 1.2602286
61 4.055296 5.0838475
51 -1.5805075 1.2517463
77 -1.6256618 1.3001615
27 3.9737296 4.977544
84 -1.5146543 1.2677829
69 -4.919426 2.9242587
47 -1.6147416 1.2801626
31 -1.4961195 1.1882074
90 -1.5311717 1.2282357
5 -1.6305755 1.2691969
52 -1.568058 1.2582536
0 -1.5114751 1.2531126
8 -1.5093652 1.2284205
82 -4.753645 2.768669
83 -0.08045167 1.0894644
11 1.9560679 2.6417184
58 -0.02335714 1.1303595
2 1.9317073 2.6206107
98 -0.14164829 1.042199
67 -1.522952 1.2974819
24 -1.5797672 1.2703038
28 -1.5085136 1.2623008
22 -4.637098 2.7347436
29 -1.5306883 1.2760255
38 -1.5183499 1.2204978
78 -4.720928 2.7872596
88 -1.5403851 1.2877524
72 -0.10160165 1.1479695
93 -0.06421741 1.1342431
15 -0.08701289 1.1035241
36 -0.1227362 1.0798424
48 -1.637287 1.2221156
12 -1.781339 1.2919207
85 -1.3122467 1.2014116
56 -1.778106 1.3620468
63 -1.7820643 1.3505234
59 1.0033206 1.8334229
86 0.97843665 1.8209703
80 -1.3212582 1.1043755
41 -0.114155814 1.0538986
81 1.3422006 2.1745703
54 1.272722 2.0492964
37 -0.13351478 1.0334829
50 1.2236006 2.0787969
62 0.5172738 1.612488
57 -1.3111503 1.075712
17 0.59868884 1.6571786
42 0.6212137 1.6025311
71 0.44225037 1.540366
33 1.0075644 1.8461865
74 -0.99099755 1.0034374
65 0.33495054 1.5020775
25 3.653478 4.673728
96 0.020726014 1.2009752
13 3.6672647 4.6993513
30 2.4228654 3.389718
14 -1.0204326 1.0416358
39 2.2394872 3.2427237
66 0.49700713 1.5753415
92 0.12457066 1.2868196
45 2.3127742 3.3118525
1 2.284207 3.2079184
18 4.2066894 5.260304
16 2.3324783 3.3296638
46 0.14482118 1.3259143
79 2.8330846 3.9326224
10 2.767817 3.97758
21 4.0538177 5.1258826
49 0.45054302 1.5945108
43 0.93901116 1.7214804
94 3.8825338 4.8906713
70 0.38202086 1.5511286
9 1.5920877 2.7877917
4 1.7043685 2.8862066
