0 253
0 28
0 175
0 430
0 30
0 74
0 8
0 139
0 252
0 90
1 68
1 138
1 16
1 158
1 94
1 67
1 307
1 4
1 63
1 246
2 146
2 493
2 332
2 431
2 324
2 78
2 134
2 451
2 384
2 19
3 4
3 115
3 33
3 67
3 10
3 11
3 246
3 196
3 16
3 56
4 3
4 33
4 115
4 16
4 67
4 68
4 246
4 39
4 196
4 469
5 14
5 283
5 363
5 226
5 126
5 111
5 189
5 170
5 117
5 241
6 492
6 16
6 158
6 4
6 47
6 157
6 67
6 3
6 162
6 74
7 312
7 264
7 267
7 475
7 167
7 219
7 217
7 210
7 128
7 22
8 253
8 430
8 28
8 0
8 189
8 241
8 444
8 292
8 90
8 139
9 418
9 79
9 413
9 328
9 44
9 471
9 287
9 181
9 96
9 151
10 403
10 85
10 21
10 186
10 196
10 76
10 123
10 440
10 340
10 24
11 246
11 39
11 23
11 56
11 256
11 82
11 84
11 467
11 137
11 18
12 193
12 120
12 282
12 77
12 321
12 231
12 412
12 372
12 397
12 148
13 95
13 116
13 148
13 304
13 70
13 179
13 42
13 214
13 122
13 91
14 283
14 241
14 189
14 5
14 363
14 349
14 81
14 461
14 457
14 357
15 450
15 201
15 116
15 145
15 232
15 166
15 399
15 393
15 32
15 131
16 158
16 4
16 157
16 33
16 63
16 3
16 1
16 162
16 138
16 492
17 41
17 208
17 103
17 113
17 182
17 386
17 46
17 337
17 160
17 470
18 193
18 464
18 120
18 245
18 372
18 97
18 249
18 23
18 475
18 149
19 2
19 332
19 151
19 298
19 375
19 78
19 417
19 96
19 451
19 303
20 280
20 324
20 488
20 451
20 375
20 91
20 416
20 93
20 96
20 371
21 24
21 123
21 84
21 313
21 34
21 260
21 322
21 279
21 79
21 447
22 267
22 29
22 289
22 312
22 494
22 450
22 201
22 475
22 167
22 128
23 82
23 329
23 475
23 167
23 394
23 56
23 467
23 22
23 144
23 319
24 123
24 456
24 439
24 309
24 21
24 380
24 313
24 352
24 413
24 343
25 66
25 446
25 67
25 390
25 240
25 33
25 392
25 120
25 115
25 429
26 135
26 91
26 166
26 54
26 185
26 222
26 134
26 194
26 289
26 431
27 400
27 305
27 336
27 354
27 278
27 335
27 244
27 236
27 130
27 69
28 74
28 108
28 0
28 90
28 430
28 8
28 132
28 253
28 139
28 235
29 22
29 91
29 289
29 378
29 335
29 304
29 70
29 379
29 377
29 399
30 294
30 16
30 176
30 73
30 240
30 74
30 158
30 132
30 161
30 157
31 83
31 287
31 347
31 356
31 20
31 473
31 93
31 413
31 415
31 471
32 217
32 450
32 354
32 128
32 146
32 145
32 231
32 70
32 211
32 78
33 4
33 67
33 115
33 327
33 3
33 68
33 16
33 66
33 158
33 138
34 260
34 396
34 287
34 269
34 151
34 397
34 127
34 91
34 298
34 21
35 130
35 146
35 261
35 71
35 229
35 211
35 134
35 396
35 383
35 128
36 188
36 317
36 468
36 176
36 235
36 240
36 428
36 74
36 161
36 382
37 440
37 186
37 136
37 75
37 259
37 123
37 288
37 76
37 80
37 246
38 198
38 206
38 343
38 109
38 255
38 204
38 43
38 497
38 438
38 471
39 11
39 469
39 23
39 82
39 223
39 246
39 56
39 256
39 321
39 412
40 342
40 473
40 134
40 431
40 239
40 356
40 194
40 276
40 443
40 112
41 17
41 208
41 182
41 103
41 113
41 46
41 337
41 470
41 160
41 386
42 204
42 122
42 166
42 55
42 378
42 91
42 284
42 48
42 93
42 304
43 222
43 309
43 395
43 456
43 415
43 38
43 109
43 343
43 295
43 195
44 9
44 322
44 418
44 214
44 60
44 447
44 237
44 270
44 122
44 304
45 70
45 476
45 405
45 409
45 304
45 414
45 396
45 131
45 78
45 375
46 470
46 126
46 337
46 113
46 111
46 283
46 170
46 182
46 160
46 180
47 75
47 63
47 118
47 288
47 162
47 16
47 157
47 492
47 327
47 68
48 203
48 145
48 215
48 451
48 463
48 477
48 242
48 55
48 466
48 166
49 101
49 141
49 459
49 310
49 225
49 17
49 41
49 163
49 103
49 208
50 283
50 455
50 164
50 133
50 457
50 461
50 349
50 81
50 170
50 180
51 219
51 130
51 383
51 210
51 315
51 87
51 261
51 149
51 394
51 371
52 407
52 90
52 191
52 57
52 297
52 105
52 424
52 88
52 458
52 139
53 328
53 79
53 9
53 214
53 279
53 77
53 127
53 409
53 44
53 418
54 91
54 26
54 289
54 185
54 134
54 2
54 200
54 411
54 391
54 166
55 48
55 42
55 122
55 91
55 70
55 431
55 166
55 304
55 367
55 216
56 144
56 155
56 23
56 82
56 256
56 11
56 485
56 136
56 124
56 123
57 105
57 424
57 139
57 317
57 224
57 52
57 132
57 430
57 382
57 88
58 219
58 262
58 249
58 299
58 314
58 345
58 434
58 361
58 171
58 321
59 58
59 435
59 213
59 165
59 392
59 296
59 291
59 66
59 142
59 437
60 237
60 447
60 471
60 181
60 322
60 195
60 418
60 44
60 9
60 343
61 483
61 420
61 441
61 231
61 262
61 217
61 299
61 207
61 282
61 336
62 197
62 68
62 327
62 307
62 142
62 76
62 118
62 106
62 385
62 85
63 75
63 76
63 246
63 68
63 138
63 136
63 56
63 80
63 37
63 173
64 249
64 171
64 434
64 219
64 7
64 149
64 210
64 263
64 291
64 404
65 400
65 354
65 336
65 305
65 236
65 312
65 207
65 441
65 27
65 217
66 67
66 115
66 120
66 25
66 446
66 390
66 12
66 177
66 33
66 469
67 115
67 66
67 138
67 33
67 158
67 4
67 469
67 39
67 3
67 120
68 142
68 85
68 76
68 246
68 307
68 63
68 138
68 259
68 62
68 56
69 278
69 493
69 244
69 289
69 232
69 384
69 335
69 185
69 280
69 416
70 304
70 45
70 95
70 116
70 409
70 55
70 396
70 78
70 405
70 397
71 229
71 200
71 35
71 231
71 397
71 396
71 2
71 130
71 378
71 166
72 143
72 27
72 305
72 114
72 130
72 278
72 358
72 400
72 354
72 92
73 168
73 479
73 364
73 294
73 176
73 240
73 373
73 291
73 30
73 271
74 158
74 28
74 235
74 317
74 157
74 108
74 105
74 162
74 240
74 132
75 63
75 76
75 288
75 37
75 440
75 197
75 246
75 123
75 47
75 186
76 63
76 75
76 85
76 197
76 136
76 80
76 68
76 123
76 186
76 273
77 425
77 260
77 412
77 397
77 279
77 127
77 409
77 453
77 148
77 53
78 211
78 96
78 234
78 375
78 477
78 146
78 417
78 320
78 493
78 200
79 9
79 328
79 418
79 413
79 260
79 471
79 96
79 181
79 287
79 388
80 136
80 155
80 24
80 123
80 186
80 456
80 76
80 56
80 174
80 259
81 357
81 164
81 461
81 376
81 241
81 189
81 349
81 292
81 457
81 133
82 23
82 56
82 144
82 319
82 39
82 462
82 11
82 345
82 22
82 167
83 31
83 287
83 413
83 356
83 298
83 347
83 20
83 473
83 151
83 324
84 214
84 270
84 304
84 279
84 21
84 123
84 204
84 122
84 95
84 425
85 174
85 76
85 68
85 197
85 24
85 403
85 259
85 439
85 10
85 142
86 169
86 495
86 358
86 467
86 109
86 433
86 329
86 174
86 137
86 147
87 51
87 219
87 210
87 22
87 263
87 128
87 475
87 7
87 312
87 494
88 132
88 90
88 139
88 57
88 47
88 52
88 28
88 105
88 118
88 253
89 360
89 488
89 281
89 181
89 481
89 104
89 395
89 477
89 398
89 230
90 132
90 118
90 157
90 47
90 370
90 105
90 162
90 88
90 28
90 52
91 166
91 54
91 26
91 366
91 289
91 384
91 375
91 200
91 146
91 185
92 125
92 305
92 400
92 72
92 423
92 27
92 143
92 354
92 442
92 336
93 388
93 20
93 287
93 195
93 91
93 26
93 343
93 179
93 204
93 456
94 120
94 39
94 97
94 256
94 18
94 11
94 67
94 56
94 469
94 66
95 116
95 304
95 148
95 70
95 13
95 122
95 214
95 231
95 167
95 279
96 78
96 375
96 234
96 151
96 20
96 324
96 397
96 320
96 91
96 148
97 321
97 18
97 475
97 264
97 256
97 464
97 245
97 167
97 223
97 23
98 261
98 393
98 232
98 266
98 452
98 315
98 286
98 125
98 371
98 244
99 297
99 159
99 428
99 385
99 317
99 192
99 498
99 235
99 105
99 339
100 102
100 168
100 235
100 253
100 252
100 0
100 90
100 8
100 175
100 28
101 141
101 459
101 310
101 17
101 41
101 163
101 225
101 103
101 208
101 182
102 235
102 317
102 168
102 30
102 188
102 74
102 430
102 161
102 479
102 157
103 208
103 182
103 41
103 113
103 17
103 337
103 160
103 46
103 470
103 111
104 375
104 360
104 324
104 427
104 298
104 230
104 481
104 215
104 477
104 181
105 118
105 317
105 235
105 162
105 429
105 327
105 132
105 385
105 159
105 74
106 85
106 385
106 307
106 142
106 68
106 62
106 197
106 155
106 24
106 76
107 464
107 223
107 495
107 137
107 18
107 173
107 196
107 82
107 245
107 136
108 74
108 28
108 158
108 121
108 492
108 317
108 132
108 176
108 16
108 468
109 467
109 222
109 206
109 155
109 497
109 204
109 270
109 38
109 447
109 93
110 87
110 361
110 299
110 282
110 65
110 58
110 128
110 32
110 441
110 7
111 126
111 283
111 5
111 14
111 117
111 170
111 46
111 470
111 180
111 337
112 147
112 272
112 473
112 346
112 165
112 243
112 449
112 40
112 334
112 149
113 182
113 208
113 46
113 337
113 470
113 111
113 126
113 180
113 160
113 283
114 278
114 69
114 232
114 244
114 178
114 443
114 493
114 474
114 72
114 154
115 412
115 67
115 425
115 77
115 66
115 120
115 245
115 56
115 136
115 313
116 95
116 122
116 13
116 70
116 148
116 405
116 304
116 200
116 320
116 166
117 126
117 5
117 283
117 111
117 14
117 363
117 170
117 226
117 189
117 241
118 327
118 162
118 68
118 62
118 105
118 157
118 197
118 47
118 385
118 307
119 292
119 357
119 363
119 226
119 457
119 430
119 8
119 189
119 461
119 241
120 18
120 12
120 193
120 115
120 321
120 412
120 39
120 256
120 94
120 56
121 105
121 317
121 429
121 468
121 327
121 25
121 224
121 57
121 108
121 74
122 42
122 204
122 304
122 55
122 116
122 166
122 270
122 95
122 367
122 48
123 24
123 21
123 456
123 84
123 322
123 326
123 186
123 270
123 136
123 259
124 136
124 425
124 123
124 246
124 56
124 412
124 485
124 279
124 84
124 467
125 92
125 98
125 130
125 266
125 261
125 473
125 72
125 315
125 27
125 219
126 283
126 111
126 117
126 170
126 5
126 14
126 46
126 50
126 180
126 337
127 397
127 396
127 96
127 231
127 148
127 260
127 234
127 453
127 151
127 34
128 305
128 312
128 354
128 267
128 400
128 32
128 336
128 22
128 494
128 217
129 414
129 350
129 493
129 244
129 454
129 477
129 324
129 131
129 280
129 384
130 134
130 219
130 315
130 51
130 335
130 266
130 286
130 289
130 35
130 228
131 454
131 476
131 405
131 145
131 320
131 360
131 414
131 417
131 477
131 129
132 90
132 105
132 139
132 157
132 74
132 16
132 162
132 158
132 88
132 30
133 349
133 455
133 461
133 81
133 376
133 164
133 238
133 457
133 357
133 241
134 289
134 335
134 194
134 26
134 384
134 54
134 431
134 315
134 149
134 272
135 26
135 272
135 222
135 134
135 301
135 54
135 93
135 284
135 356
135 194
136 124
136 123
136 425
136 412
136 80
136 223
136 245
136 329
136 259
136 394
137 246
137 467
137 11
137 223
137 206
137 270
137 259
137 109
137 136
137 198
138 158
138 67
138 68
138 63
138 56
138 162
138 115
138 136
138 311
138 173
139 224
139 132
139 382
139 430
139 74
139 57
139 105
139 90
139 162
139 317
140 495
140 285
140 373
140 86
140 142
140 296
140 254
140 433
140 434
140 291
141 101
141 459
141 310
141 17
141 41
141 225
141 163
141 103
141 208
141 182
142 68
142 173
142 165
142 346
142 144
142 259
142 223
142 243
142 85
142 76
143 72
143 27
143 278
143 114
143 354
143 305
143 331
143 400
143 92
143 178
144 394
144 345
144 245
144 56
144 23
144 329
144 193
144 149
144 263
144 177
145 477
145 48
145 244
145 398
145 493
145 203
145 332
145 454
145 466
145 450
146 366
146 375
146 211
146 78
146 384
146 324
146 230
146 91
146 335
146 2
147 272
147 149
147 112
147 266
147 473
147 452
147 134
147 165
147 394
147 248
148 95
148 231
148 397
148 96
148 116
148 13
148 279
148 304
148 70
148 214
149 134
149 272
149 147
149 54
149 394
149 315
149 266
149 289
149 130
149 383
150 281
150 181
150 338
150 153
150 298
150 471
150 216
150 451
150 215
150 488
151 375
151 324
151 96
151 104
151 298
151 234
151 287
151 303
151 78
151 20
152 222
152 374
152 323
152 284
152 395
152 448
152 26
152 93
152 195
152 135
153 281
153 356
153 438
153 347
153 150
153 395
153 448
153 338
153 255
153 89
154 178
154 443
154 448
154 276
154 199
154 474
154 69
154 232
154 244
154 278
155 109
155 24
155 467
155 206
155 456
155 205
155 497
155 56
155 256
155 222
156 219
156 92
156 171
156 355
156 72
156 210
156 65
156 51
156 64
156 293
157 162
157 158
157 63
157 16
157 138
157 68
157 118
157 307
157 218
157 479
158 138
158 157
158 162
158 479
158 67
158 16
158 492
158 66
158 4
158 33
159 297
159 428
159 192
159 359
159 105
159 385
159 317
159 498
159 99
159 254
160 46
160 170
160 337
160 470
160 182
160 111
160 113
160 126
160 283
160 220
161 158
161 176
161 30
161 317
161 364
161 240
161 479
161 74
161 235
161 168
162 157
162 118
162 158
162 138
162 311
162 63
162 327
162 68
162 16
162 307
163 225
163 103
163 41
163 17
163 208
163 182
163 113
163 337
163 470
163 46
164 81
164 357
164 241
164 461
164 389
164 349
164 189
164 457
164 8
164 119
165 221
165 286
165 346
165 147
165 351
165 452
165 449
165 293
165 266
165 272
166 91
166 26
166 42
166 204
166 451
166 48
166 122
166 20
166 179
166 384
167 264
167 475
167 231
167 319
167 95
167 372
167 22
167 229
167 23
167 210
168 73
168 157
168 252
168 364
168 479
168 162
168 158
168 307
168 294
168 132
169 86
169 144
169 177
169 56
169 147
169 82
169 155
169 149
169 358
169 112
170 283
170 126
170 50
170 5
170 349
170 14
170 363
170 111
170 455
170 164
171 355
171 312
171 210
171 219
171 7
171 64
171 156
171 87
171 336
171 442
172 331
172 65
172 143
172 400
172 354
172 236
172 72
172 336
172 305
172 441
173 218
173 177
173 190
173 482
173 142
173 144
173 136
173 273
173 76
173 291
174 24
174 85
174 403
174 198
174 439
174 38
174 250
174 380
174 352
174 109
175 253
175 444
175 0
175 382
175 132
175 139
175 88
175 28
175 8
175 168
176 240
176 479
176 446
176 294
176 73
176 158
176 188
176 492
176 235
176 317
177 291
177 345
177 462
177 144
177 263
177 249
177 394
177 173
177 434
177 147
178 154
178 244
178 443
178 232
178 69
178 145
178 331
178 278
178 399
178 199
179 388
179 200
179 91
179 93
179 166
179 204
179 26
179 185
179 54
179 96
180 133
180 283
180 50
180 455
180 126
180 349
180 111
180 461
180 46
180 170
181 488
181 471
181 281
181 216
181 343
181 104
181 150
181 347
181 298
181 20
182 208
182 113
182 337
182 46
182 470
182 126
182 160
182 111
182 170
182 283
183 266
183 233
183 422
183 221
183 165
183 272
183 147
183 149
183 134
183 411
184 438
184 474
184 232
184 154
184 443
184 393
184 448
184 489
184 199
184 374
185 289
185 466
185 402
185 465
185 377
185 477
185 335
185 194
185 445
185 91
186 259
186 24
186 326
186 322
186 439
186 123
186 456
186 270
186 237
186 440
187 122
187 304
187 131
187 360
187 270
187 476
187 89
187 55
187 214
187 116
188 176
188 317
188 240
188 235
188 36
188 344
188 468
188 102
188 74
188 294
189 241
189 8
189 444
189 253
189 363
189 175
189 357
189 81
189 496
189 349
190 394
190 173
190 412
190 136
190 273
190 258
190 499
190 425
190 272
190 482
191 297
191 105
191 52
191 407
191 192
191 159
191 118
191 458
191 139
191 327
192 359
192 159
192 428
192 458
192 254
192 385
192 105
192 162
192 308
192 118
193 372
193 18
193 54
193 412
193 269
193 409
193 34
193 229
193 231
193 70
194 391
194 230
194 332
194 377
194 472
194 427
194 445
194 481
194 465
194 185
195 395
195 356
195 347
195 93
195 343
195 447
195 222
195 181
195 471
195 488
196 259
196 84
196 246
196 223
196 464
196 186
196 136
196 21
196 123
196 270
197 76
197 85
197 62
197 68
197 288
197 37
197 75
197 186
197 142
197 327
198 38
198 410
198 270
198 251
198 237
198 109
198 295
198 206
198 456
198 326
199 154
199 358
199 178
199 443
199 232
199 276
199 393
199 474
199 69
199 114
200 91
200 179
200 78
200 316
200 185
200 146
200 211
200 26
200 166
200 54
201 450
201 267
201 399
201 316
201 289
201 145
201 185
201 166
201 200
201 179
202 350
202 398
202 493
202 481
202 333
202 477
202 303
202 78
202 341
202 211
203 398
203 463
203 477
203 481
203 215
203 341
203 406
203 48
203 257
203 145
204 42
204 122
204 166
204 93
204 179
204 270
204 26
204 488
204 91
204 55
205 222
205 155
205 152
205 309
205 109
205 24
205 195
205 43
205 447
205 323
206 38
206 204
206 109
206 42
206 439
206 343
206 270
206 497
206 155
206 256
207 65
207 336
207 305
207 354
207 312
207 400
207 217
207 267
207 210
207 128
208 182
208 113
208 46
208 337
208 41
208 470
208 160
208 17
208 111
208 126
209 291
209 306
209 296
209 434
209 156
209 177
209 263
209 59
209 249
209 64
210 130
210 51
210 219
210 149
210 312
210 442
210 128
210 22
210 87
210 336
211 78
211 146
211 234
211 493
211 289
211 185
211 200
211 375
211 335
211 324
212 455
212 389
212 164
212 362
212 220
212 349
212 133
212 241
212 50
212 461
213 434
213 183
213 165
213 435
213 243
213 346
213 293
213 219
213 125
213 433
214 304
214 279
214 84
214 148
214 95
214 270
214 425
214 409
214 13
214 122
215 463
215 477
215 486
215 203
215 216
215 332
215 48
215 398
215 104
215 466
216 215
216 181
216 488
216 486
216 451
216 242
216 341
216 228
216 48
216 477
217 32
217 267
217 441
217 200
217 236
217 316
217 336
217 201
217 420
217 211
218 173
218 308
218 311
218 33
218 107
218 162
218 63
218 479
218 157
218 294
219 51
219 130
219 210
219 149
219 87
219 7
219 263
219 293
219 315
219 336
220 212
220 455
220 170
220 283
220 164
220 389
220 226
220 50
220 349
220 126
221 411
221 286
221 165
221 233
221 315
221 334
221 272
221 346
221 268
221 401
222 395
222 26
222 135
222 374
222 152
222 195
222 93
222 43
222 109
222 356
223 464
223 329
223 321
223 136
223 245
223 469
223 345
223 23
223 412
223 39
224 139
224 382
224 132
224 468
224 57
224 317
224 105
224 74
224 121
224 327
225 163
225 103
225 41
225 17
225 141
225 208
225 182
225 101
225 113
225 160
226 119
226 363
226 444
226 357
226 164
226 189
226 5
226 457
226 241
226 283
227 254
227 369
227 373
227 385
227 392
227 479
227 213
227 359
227 59
227 142
228 451
228 301
228 242
228 289
228 275
228 486
228 401
228 493
228 280
228 215
229 71
229 231
229 200
229 319
229 54
229 35
229 167
229 211
229 134
229 193
230 481
230 427
230 332
230 194
230 384
230 366
230 391
230 477
230 324
230 398
231 148
231 167
231 70
231 211
231 95
231 396
231 127
231 229
231 200
231 397
232 244
232 393
232 69
232 443
232 178
232 450
232 145
232 335
232 289
232 431
233 411
233 431
233 286
233 298
233 391
233 266
233 315
233 221
233 134
233 55
234 78
234 96
234 303
234 211
234 477
234 417
234 486
234 151
234 375
234 215
235 317
235 74
235 105
235 102
235 479
235 428
235 176
235 157
235 158
235 458
236 354
236 290
236 336
236 305
236 65
236 400
236 441
236 217
236 27
236 423
237 60
237 326
237 418
237 365
237 322
237 447
237 413
237 456
237 471
237 380
238 376
238 468
238 300
238 36
238 317
238 121
238 133
238 382
238 297
238 99
239 278
239 342
239 445
239 443
239 69
239 350
239 341
239 202
239 481
239 244
240 176
240 446
240 479
240 158
240 390
240 271
240 373
240 25
240 469
240 66
241 189
241 349
241 496
241 8
241 357
241 444
241 253
241 164
241 363
241 430
242 451
242 228
242 401
242 368
242 286
242 48
242 351
242 371
242 341
242 301
243 147
243 268
243 434
243 277
243 422
243 245
243 346
243 165
243 112
243 272
244 232
244 350
244 69
244 145
244 493
244 335
244 278
244 178
244 129
244 477
245 394
245 464
245 329
245 345
245 313
245 272
245 412
245 149
245 147
245 144
246 259
246 11
246 124
246 136
246 84
246 137
246 56
246 256
246 123
246 196
247 412
247 77
247 120
247 21
247 279
247 231
247 115
247 425
247 245
247 190
248 432
248 394
248 473
248 147
248 381
248 330
248 482
248 245
248 266
248 449
249 263
249 434
249 18
249 64
249 291
249 177
249 345
249 243
249 442
249 314
250 309
250 43
250 295
250 174
250 456
250 413
250 24
250 415
250 195
250 237
251 295
251 198
251 237
251 38
251 43
251 439
251 343
251 410
251 270
251 338
252 168
252 157
252 162
252 294
252 47
252 90
252 63
252 492
252 132
252 0
253 175
253 0
253 444
253 8
253 28
253 430
253 132
253 139
253 382
253 189
254 359
254 296
254 479
254 227
254 373
254 428
254 291
254 437
254 385
254 209
255 438
255 153
255 281
255 356
255 89
255 488
255 395
255 181
255 384
255 347
256 206
256 84
256 155
256 23
256 259
256 204
256 42
256 109
256 56
256 412
257 341
257 426
257 333
257 406
257 348
257 451
257 477
257 203
257 280
257 398
258 415
258 449
258 272
258 287
258 456
258 497
258 452
258 31
258 352
258 83
259 186
259 84
259 24
259 313
259 123
259 270
259 246
259 109
259 256
259 497
260 34
260 397
260 287
260 151
260 127
260 328
260 413
260 79
260 77
260 313
261 431
261 371
261 266
261 384
261 315
261 353
261 383
261 146
261 324
261 493
262 314
262 420
262 299
262 231
262 70
262 453
262 372
262 483
262 396
262 282
263 345
263 432
263 434
263 442
263 394
263 219
263 51
263 87
263 249
263 210
264 167
264 475
264 7
264 231
264 95
264 267
264 32
264 217
264 319
264 22
265 129
265 487
265 476
265 131
265 286
265 414
265 298
265 489
265 45
265 150
266 286
266 261
266 431
266 452
266 272
266 301
266 298
266 451
266 134
266 233
267 201
267 312
267 217
267 450
267 22
267 289
267 7
267 128
267 331
267 335
268 277
268 422
268 272
268 221
268 315
268 149
268 147
268 383
268 473
268 334
269 34
269 396
269 54
269 91
269 388
269 304
269 70
269 193
269 78
269 96
270 84
270 122
270 204
270 214
270 322
270 304
270 456
270 198
270 447
270 93
271 306
271 345
271 249
271 373
271 291
271 64
271 177
271 58
271 469
271 171
272 135
272 266
272 147
272 134
272 149
272 26
272 286
272 315
272 452
272 284
273 482
273 499
273 136
273 334
273 258
273 76
273 190
273 173
273 480
273 394
274 340
274 413
274 260
274 24
274 83
274 135
274 287
274 471
274 31
274 21
275 228
275 215
275 451
275 463
275 486
275 466
275 465
275 477
275 301
275 185
276 448
276 474
276 443
276 154
276 69
276 445
276 284
276 194
276 395
276 185
277 268
277 473
277 490
277 383
277 272
277 330
277 422
277 315
277 432
277 149
278 69
278 239
278 244
278 493
278 114
278 350
278 290
278 335
278 443
278 354
279 425
279 214
279 148
279 304
279 84
279 409
279 412
279 95
279 396
279 77
280 20
280 451
280 416
280 324
280 257
280 348
280 401
280 371
280 493
280 228
281 150
281 153
281 181
281 332
281 438
281 215
281 360
281 477
281 89
281 488
282 299
282 453
282 231
282 35
282 372
282 361
282 167
282 396
282 262
282 193
283 126
283 14
283 170
283 50
283 5
283 111
283 349
283 455
283 457
283 81
284 20
284 26
284 228
284 488
284 289
284 280
284 451
284 343
284 42
284 216
285 433
285 495
285 213
285 369
285 142
285 373
285 346
285 434
285 86
285 68
286 266
286 315
286 452
286 242
286 451
286 280
286 411
286 371
286 401
286 378
287 347
287 324
287 375
287 413
287 83
287 93
287 31
287 298
287 181
287 20
288 440
288 75
288 37
288 76
288 186
288 63
288 197
288 68
288 10
288 85
289 185
289 335
289 69
289 228
289 493
289 91
289 134
289 451
289 54
289 377
290 350
290 278
290 236
290 244
290 202
290 354
290 239
290 493
290 27
290 178
291 177
291 345
291 263
291 296
291 434
291 249
291 495
291 306
291 144
291 373
292 8
292 430
292 57
292 119
292 28
292 468
292 108
292 357
292 241
292 121
293 165
293 221
293 442
293 219
293 130
293 315
293 286
293 434
293 480
293 149
294 218
294 492
294 73
294 176
294 162
294 479
294 158
294 157
294 30
294 311
295 237
295 251
295 198
295 309
295 43
295 38
295 380
295 456
295 343
295 60
296 291
296 434
296 177
296 293
296 359
296 273
296 495
296 345
296 263
296 499
297 159
297 191
297 99
297 428
297 407
297 105
297 192
297 317
297 458
297 52
298 324
298 375
298 104
298 431
298 230
298 391
298 384
298 181
298 360
298 451
299 282
299 262
299 453
299 420
299 61
299 35
299 219
299 483
299 231
299 32
300 339
300 297
300 376
300 99
300 159
300 121
300 224
300 468
300 238
300 317
301 451
301 228
301 242
301 431
301 266
301 401
301 411
301 48
301 368
301 289
302 234
302 347
302 303
302 324
302 194
302 215
302 203
302 181
302 445
302 477
303 234
303 324
303 78
303 202
303 375
303 151
303 350
303 486
303 104
303 477
304 214
304 70
304 91
304 95
304 122
304 84
304 378
304 55
304 279
304 396
305 400
305 354
305 128
305 336
305 312
305 65
305 27
305 423
305 236
305 278
306 291
306 209
306 271
306 404
306 64
306 177
306 156
306 373
306 58
306 325
307 68
307 142
307 62
307 479
307 138
307 364
307 106
307 385
307 173
307 162
308 218
308 85
308 173
308 76
308 385
308 107
308 142
308 10
308 68
308 197
309 352
309 456
309 24
309 43
309 343
309 413
309 415
309 471
309 250
309 439
310 459
310 141
310 17
310 101
310 41
310 386
310 103
310 208
310 113
310 182
311 162
311 138
311 218
311 158
311 173
311 63
311 67
311 33
311 16
311 157
312 128
312 267
312 400
312 305
312 7
312 65
312 22
312 336
312 354
312 210
313 272
313 24
313 260
313 21
313 287
313 304
313 34
313 245
313 378
313 259
314 262
314 372
314 409
314 29
314 70
314 210
314 475
314 45
314 442
314 396
315 401
315 371
315 286
315 261
315 431
315 289
315 384
315 134
315 330
315 473
316 200
316 185
316 201
316 399
316 445
316 194
316 289
316 332
316 493
316 26
317 105
317 235
317 468
317 74
317 479
317 176
317 158
317 428
317 159
317 297
318 338
318 410
318 150
318 471
318 181
318 413
318 153
318 281
318 237
318 418
319 167
319 372
319 229
319 54
319 71
319 200
319 264
319 22
319 394
319 396
320 454
320 78
320 131
320 96
320 417
320 405
320 70
320 234
320 477
320 116
321 475
321 464
321 245
321 469
321 97
321 345
321 223
321 329
321 412
321 264
322 447
322 326
322 418
322 237
322 44
322 270
322 60
322 9
322 456
322 413
323 448
323 152
323 395
323 195
323 276
323 222
323 284
323 347
323 343
323 356
324 375
324 384
324 298
324 230
324 20
324 280
324 104
324 493
324 451
324 146
325 177
325 291
325 138
325 306
325 479
325 144
325 173
325 482
325 373
325 345
326 380
326 237
326 322
326 365
326 418
326 413
326 456
326 186
326 123
326 447
327 118
327 33
327 68
327 62
327 197
327 162
327 385
327 288
327 392
327 307
328 79
328 9
328 260
328 418
328 53
328 413
328 151
328 96
328 44
328 365
329 394
329 245
329 23
329 345
329 487
329 412
329 378
329 149
329 272
329 464
330 432
330 473
330 315
330 490
330 381
330 384
330 261
330 383
330 134
330 431
331 178
331 267
331 354
331 400
331 450
331 232
331 312
331 305
331 69
331 27
332 477
332 427
332 230
332 398
332 493
332 465
332 391
332 417
332 194
332 481
333 257
333 426
333 348
333 341
333 477
333 398
333 417
333 406
333 203
333 486
334 286
334 280
334 272
334 452
334 266
334 315
334 221
334 284
334 449
334 411
335 493
335 377
335 289
335 384
335 391
335 230
335 185
335 244
335 146
335 134
336 65
336 354
336 400
336 236
336 305
336 27
336 312
336 128
336 217
336 423
337 46
337 126
337 182
337 111
337 113
337 283
337 170
337 208
337 50
337 470
338 318
338 150
338 281
338 153
338 410
338 181
338 89
338 438
338 471
338 488
339 297
339 300
339 99
339 52
339 57
339 191
339 159
339 224
339 407
339 376
340 380
340 274
340 413
340 24
340 439
340 365
340 471
340 326
340 343
340 418
341 257
341 426
341 406
341 333
341 477
341 203
341 486
341 451
341 398
341 348
342 239
342 40
342 443
342 445
342 194
342 276
342 302
342 278
342 134
342 448
343 471
343 181
343 488
343 93
343 195
343 284
343 456
343 204
343 352
343 281
344 369
344 176
344 235
344 240
344 227
344 159
344 188
344 317
344 192
344 479
345 263
345 329
345 245
345 394
345 372
345 144
345 291
345 464
345 177
345 321
346 165
346 221
346 112
346 411
346 243
346 272
346 439
346 286
346 233
346 293
347 356
347 445
347 324
347 181
347 287
347 395
347 153
347 195
347 20
347 375
348 257
348 333
348 426
348 341
348 477
348 280
348 406
348 416
348 493
348 486
349 241
349 461
349 133
349 357
349 457
349 189
349 164
349 81
349 496
349 363
350 493
350 244
350 202
350 129
350 203
350 477
350 341
350 145
350 257
350 451
351 368
351 242
351 401
351 301
351 451
351 228
351 286
351 216
351 165
351 452
352 309
352 343
352 439
352 471
352 24
352 456
352 380
352 181
352 413
352 31
353 371
353 384
353 146
353 416
353 324
353 445
353 257
353 375
353 431
353 341
354 305
354 236
354 65
354 400
354 336
354 278
354 27
354 128
354 32
354 290
355 171
355 156
355 312
355 336
355 219
355 65
355 64
355 7
355 92
355 58
356 347
356 153
356 194
356 195
356 395
356 281
356 445
356 31
356 181
356 20
357 81
357 382
357 241
357 461
357 164
357 430
357 119
357 349
357 57
357 189
358 199
358 72
358 147
358 374
358 149
358 393
358 232
358 114
358 22
358 289
359 296
359 254
359 479
359 495
359 291
359 209
359 392
359 373
359 142
359 173
360 89
360 104
360 375
360 230
360 427
360 481
360 298
360 324
360 332
360 366
361 372
361 167
361 282
361 483
361 314
361 319
361 210
361 128
361 453
361 263
362 389
362 407
362 339
362 57
362 52
362 436
362 297
362 241
362 292
362 424
363 189
363 119
363 241
363 444
363 496
363 349
363 226
363 357
363 14
363 8
364 479
364 307
364 373
364 158
364 73
364 1
364 369
364 177
364 157
364 291
365 418
365 237
365 326
365 380
365 413
365 9
365 471
365 322
365 340
365 79
366 379
366 230
366 377
366 402
366 384
366 332
366 146
366 391
366 427
366 91
367 497
367 55
367 488
367 122
367 42
367 181
367 48
367 204
367 360
367 166
368 351
368 242
368 228
368 451
368 301
368 216
368 401
368 452
368 371
368 286
369 285
369 373
369 307
369 227
369 479
369 385
369 142
369 364
369 495
369 433
370 218
370 308
370 90
370 162
370 118
370 76
370 157
370 75
370 63
370 294
371 401
371 451
371 280
371 416
371 353
371 431
371 315
371 261
371 324
371 257
372 193
372 319
372 167
372 345
372 314
372 396
372 475
372 231
372 210
372 453
373 495
373 479
373 291
373 64
373 249
373 271
373 177
373 434
373 433
373 306
374 222
374 26
374 152
374 166
374 448
374 204
374 395
374 284
374 399
374 185
375 324
375 384
375 104
375 298
375 96
375 151
375 78
375 230
375 360
375 146
376 238
376 468
376 300
376 317
376 81
376 297
376 224
376 382
376 292
376 339
377 391
377 379
377 465
377 402
377 472
377 484
377 366
377 194
377 335
377 230
378 91
378 286
378 304
378 487
378 42
378 298
378 396
378 20
378 289
378 315
379 377
379 366
379 391
379 484
379 472
379 194
379 335
379 465
379 230
379 384
380 326
380 340
380 413
380 418
380 365
380 343
380 24
380 237
380 456
380 439
381 330
381 248
381 473
381 272
381 287
381 394
381 449
381 147
381 135
381 149
382 139
382 224
382 317
382 468
382 57
382 175
382 74
382 430
382 132
382 253
383 315
383 261
383 146
383 431
383 266
383 277
383 330
383 51
383 371
383 353
384 324
384 230
384 431
384 493
384 375
384 366
384 335
384 146
384 332
384 427
385 392
385 142
385 106
385 308
385 307
385 327
385 62
385 68
385 197
385 479
386 113
386 160
386 46
386 220
386 208
386 455
386 470
386 212
386 180
386 182
387 368
387 301
387 228
387 275
387 334
387 351
387 221
387 401
387 451
387 284
388 93
388 179
388 91
388 20
388 26
388 96
388 195
388 54
388 185
388 347
389 407
389 436
389 52
389 191
389 164
389 362
389 419
389 57
389 339
389 8
390 446
390 66
390 479
390 240
390 158
390 392
390 25
390 59
390 285
390 67
391 377
391 472
391 194
391 230
391 332
391 465
391 379
391 366
391 427
391 335
392 142
392 385
392 59
392 390
392 285
392 4
392 359
392 327
392 213
392 308
393 232
393 443
393 261
393 166
393 431
393 399
393 69
393 98
393 450
393 48
394 329
394 245
394 487
394 272
394 378
394 149
394 248
394 432
394 315
394 383
395 448
395 488
395 195
395 347
395 222
395 181
395 356
395 216
395 153
395 281
396 127
396 453
396 34
396 70
396 304
396 378
396 146
396 91
396 397
396 375
397 127
397 96
397 260
397 148
397 78
397 70
397 396
397 151
397 234
397 304
398 477
398 427
398 203
398 481
398 332
398 333
398 417
398 230
398 463
398 145
399 289
399 185
399 391
399 194
399 91
399 26
399 379
399 201
399 230
399 377
400 305
400 65
400 354
400 423
400 336
400 312
400 27
400 236
400 128
400 267
401 451
401 371
401 431
401 280
401 242
401 486
401 315
401 228
401 257
401 341
402 465
402 377
402 366
402 185
402 477
402 417
402 332
402 484
402 486
402 391
403 326
403 380
403 174
403 24
403 365
403 340
403 186
403 440
403 123
403 85
404 87
404 263
404 210
404 171
404 64
404 7
404 361
404 291
404 51
404 219
405 131
405 417
405 366
405 454
405 78
405 465
405 146
405 476
405 91
405 402
406 257
406 341
406 426
406 203
406 333
406 451
406 477
406 348
406 280
406 398
407 458
407 52
407 297
407 436
407 191
407 428
407 105
407 159
407 491
407 419
408 391
408 463
408 427
408 481
408 194
408 230
408 332
408 104
408 472
408 215
409 70
409 45
409 453
409 279
409 304
409 214
409 396
409 412
409 148
409 77
410 318
410 338
410 471
410 153
410 198
410 360
410 281
410 237
410 418
410 413
411 233
411 221
411 286
411 315
411 301
411 228
411 391
411 54
411 266
411 289
412 425
412 279
412 409
412 304
412 77
412 394
412 95
412 148
412 84
412 329
413 471
413 287
413 418
413 9
413 181
413 415
413 456
413 79
413 380
413 83
414 129
414 454
414 131
414 476
414 146
414 375
414 493
414 350
414 324
414 335
415 471
415 258
415 413
415 456
415 181
415 31
415 287
415 343
415 237
415 488
416 280
416 371
416 384
416 348
416 324
416 20
416 493
416 353
416 257
416 401
417 477
417 398
417 332
417 333
417 465
417 486
417 405
417 402
417 427
417 78
418 9
418 413
418 79
418 365
418 237
418 322
418 326
418 471
418 380
418 44
419 436
419 458
419 407
419 491
419 428
419 159
419 102
419 297
419 192
419 430
420 211
420 231
420 217
420 127
420 78
420 234
420 262
420 202
420 483
420 320
421 412
421 245
421 464
421 77
421 321
421 314
421 223
421 70
421 409
421 487
422 268
422 266
422 134
422 391
422 272
422 301
422 289
422 431
422 377
422 233
423 400
423 305
423 236
423 336
423 27
423 354
423 65
423 32
423 312
423 128
424 57
424 105
424 52
424 344
424 121
424 118
424 317
424 90
424 297
424 429
425 279
425 412
425 214
425 77
425 148
425 304
425 84
425 136
425 124
425 123
426 257
426 341
426 333
426 406
426 348
426 203
426 398
426 477
426 353
426 451
427 332
427 398
427 230
427 477
427 481
427 465
427 194
427 104
427 391
427 493
428 498
428 458
428 159
428 254
428 359
428 192
428 235
428 479
428 317
428 491
429 105
429 118
429 25
429 327
429 240
429 446
429 390
429 392
429 158
429 385
430 139
430 8
430 74
430 0
430 28
430 90
430 57
430 317
430 253
430 382
431 384
431 261
431 451
431 401
431 230
431 298
431 324
431 371
431 493
431 194
432 330
432 473
432 442
432 490
432 248
432 263
432 394
432 149
432 315
432 434
433 144
433 149
433 434
433 346
433 285
433 213
433 330
433 147
433 432
433 243
434 442
434 263
434 432
434 249
434 291
434 243
434 293
434 345
434 147
434 149
435 165
435 183
435 213
435 125
435 147
435 433
435 221
435 219
435 293
435 243
436 407
436 419
436 458
436 491
436 428
436 389
436 235
436 297
436 102
436 317
437 142
437 165
437 243
437 59
437 296
437 452
437 346
437 112
437 147
437 499
438 255
438 153
438 281
438 89
438 338
438 184
438 474
438 489
438 360
438 448
439 24
439 352
439 456
439 380
439 343
439 206
439 471
439 186
439 309
439 415
440 186
440 288
440 326
440 403
440 37
440 322
440 259
440 246
440 123
440 478
441 217
441 236
441 65
441 336
441 32
441 354
441 207
441 312
441 400
441 267
442 434
442 432
442 263
442 210
442 149
442 494
442 293
442 130
442 277
442 334
443 154
443 448
443 178
443 232
443 474
443 69
443 276
443 445
443 244
443 393
444 175
444 253
444 189
444 8
444 0
444 496
444 241
444 88
444 382
444 430
445 194
445 230
445 347
445 384
445 185
445 353
445 324
445 332
445 427
445 366
446 390
446 240
446 66
446 469
446 25
446 4
446 67
446 158
446 392
446 479
447 322
447 60
447 195
447 93
447 456
447 237
447 471
447 343
447 204
447 388
448 395
448 443
448 276
448 153
448 154
448 445
448 323
448 356
448 474
448 281
449 452
449 371
449 258
449 315
449 480
449 286
449 272
449 334
449 368
449 473
450 15
450 201
450 145
450 232
450 166
450 267
450 289
450 32
450 244
450 399
451 228
451 242
451 280
451 401
451 301
451 257
451 341
451 431
451 371
451 406
452 286
452 266
452 371
452 315
452 451
452 272
452 480
452 301
452 261
452 401
453 396
453 409
453 127
453 282
453 231
453 70
453 77
453 372
453 397
453 45
454 131
454 476
454 320
454 405
454 145
454 417
454 414
454 477
454 129
454 398
455 133
455 212
455 164
455 50
455 81
455 283
455 349
455 461
455 457
455 357
456 93
456 447
456 309
456 413
456 343
456 24
456 415
456 471
456 181
456 237
457 461
457 349
457 357
457 119
457 81
457 292
457 164
457 57
457 241
457 382
458 407
458 428
458 192
458 491
458 235
458 294
458 105
458 254
458 159
458 297
459 310
459 141
459 17
459 101
459 41
459 386
459 208
459 103
459 113
459 182
460 254
460 498
460 491
460 437
460 218
460 308
460 479
460 428
460 373
460 227
461 349
461 81
461 457
461 357
461 164
461 241
461 292
461 133
461 189
461 119
462 177
462 319
462 82
462 18
462 167
462 144
462 372
462 345
462 264
462 193
463 215
463 203
463 477
463 398
463 486
463 48
463 466
463 332
463 481
463 427
464 223
464 245
464 321
464 18
464 329
464 345
464 469
464 23
464 412
464 475
465 402
465 377
465 477
465 332
465 391
465 466
465 427
465 417
465 472
465 185
466 477
466 465
466 185
466 332
466 215
466 145
466 417
466 463
466 48
466 486
467 109
467 204
467 270
467 155
467 206
467 23
467 42
467 84
467 256
467 93
468 317
468 74
468 224
468 121
468 382
468 235
468 376
468 188
468 430
468 36
469 464
469 321
469 39
469 223
469 23
469 329
469 345
469 245
469 475
469 412
470 46
470 111
470 126
470 113
470 283
470 180
470 337
470 170
470 182
470 160
471 181
471 343
471 413
471 488
471 281
471 216
471 150
471 347
471 415
471 93
472 391
472 377
472 484
472 379
472 194
472 465
472 230
472 366
472 332
472 402
473 330
473 315
473 432
473 134
473 31
473 266
473 272
473 261
473 490
473 384
474 443
474 276
474 448
474 154
474 438
474 184
474 232
474 69
474 153
474 178
475 167
475 264
475 321
475 23
475 95
475 22
475 7
475 29
475 372
475 116
476 131
476 454
476 414
476 405
476 45
476 70
476 320
476 129
476 360
476 366
477 398
477 332
477 427
477 486
477 333
477 203
477 417
477 465
477 493
477 215
478 326
478 237
478 365
478 380
478 340
478 295
478 309
478 322
478 60
478 186
479 364
479 373
479 158
479 359
479 254
479 291
479 307
479 390
479 177
479 173
480 452
480 449
480 334
480 315
480 490
480 394
480 473
480 286
480 487
480 51
481 230
481 398
481 427
481 203
481 477
481 332
481 341
481 194
481 104
481 145
482 248
482 499
482 263
482 273
482 432
482 394
482 277
482 173
482 434
482 449
483 61
483 420
483 231
483 128
483 262
483 217
483 361
483 336
483 35
483 441
484 377
484 379
484 472
484 391
484 402
484 366
484 465
484 335
484 194
484 230
485 56
485 425
485 124
485 123
485 115
485 279
485 136
485 77
485 155
485 412
486 477
486 215
486 341
486 463
486 417
486 398
486 465
486 333
486 332
486 228
487 378
487 304
487 394
487 315
487 70
487 91
487 396
487 329
487 371
487 286
488 181
488 20
488 216
488 395
488 89
488 471
488 343
488 104
488 215
488 281
489 232
489 438
489 393
489 244
489 184
489 255
489 474
489 98
489 178
489 129
490 330
490 473
490 432
490 277
490 315
490 484
490 377
490 379
490 480
490 383
491 460
491 458
491 428
491 192
491 407
491 254
491 159
491 359
491 235
491 294
492 158
492 138
492 63
492 67
492 39
492 16
492 33
492 246
492 4
492 157
493 332
493 477
493 384
493 69
493 335
493 350
493 145
493 465
493 427
493 324
494 22
494 128
494 305
494 267
494 312
494 442
494 400
494 29
494 289
494 69
495 373
495 291
495 434
495 86
495 433
495 285
495 345
495 263
495 107
495 223
496 241
496 444
496 430
496 253
496 8
496 0
496 100
496 189
496 57
496 175
497 367
497 42
497 488
497 456
497 93
497 109
497 343
497 181
497 55
497 287
498 428
498 254
498 359
498 479
498 390
498 460
498 192
498 385
498 140
498 159
499 482
499 248
499 432
499 480
499 334
499 273
499 263
499 490
499 394
499 442
